{
  "metadata": {
    "gripper": "KRBLeft",
    "object": "con_fe.stl"
  },
  "grasps": [
    {
      "pose": [
        [
          0.0,
          -0.9973089098930359,
          0.07331231981515884,
          -4.853211794397794e-05
        ],
        [
          0.9999998807907104,
          0.0,
          0.0,
          0.006584061775356531
        ],
        [
          0.0,
          0.07331234216690063,
          0.9973089098930359,
          -0.019409017637372017
        ],
        [
          0.0,
          0.0,
          0.0,
          1.0
        ]
      ],
      "pre_pose": [
        [
          0.0,
          -0.9973089098930359,
          0.07331231981515884,
          -0.009139259345829487
        ],
        [
          0.9999998807907104,
          0.0,
          0.0,
          0.006584061775356531
        ],
        [
          0.0,
          0.07331234216690063,
          0.9973089098930359,
          -0.14307531714439392
        ],
        [
          0.0,
          0.0,
          0.0,
          1.0
        ]
      ],
      "jaw_width": 0.015511127330835005,
      "score": 0.9507194444543399
    },
    {
      "pose": [
        [
          -0.025074293836951256,
          -0.9973089098930359,
          0.06889104843139648,
          -4.853211794397794e-05
        ],
        [
          0.939692497253418,
          1.2676650840148795e-09,
          0.34202006459236145,
          0.006584061775356531
        ],
        [
          -0.34109970927238464,
          0.07331234216690063,
          0.9371638298034668,
          -0.019409017637372017
        ],
        [
          0.0,
          0.0,
          0.0,
          1.0
        ]
      ],
      "pre_pose": [
        [
          -0.025074293836951256,
          -0.9973089098930359,
          0.06889104843139648,
          -0.008591022342443466
        ],
        [
          0.939692497253418,
          1.2676650840148795e-09,
          0.34202006459236145,
          -0.035826425999403
        ],
        [
          -0.34109970927238464,
          0.07331234216690063,
          0.9371638298034668,
          -0.13561733067035675
        ],
        [
          0.0,
          0.0,
          0.0,
          1.0
        ]
      ],
      "jaw_width": 0.015511127330835005,
      "score": 0.9507194444543399
    },
    {
      "pose": [
        [
          0.025074293836951256,
          -0.9973089098930359,
          0.06889104843139648,
          -4.853211794397794e-05
        ],
        [
          0.939692497253418,
          -1.2676650840148795e-09,
          -0.34202006459236145,
          0.006584061775356531
        ],
        [
          0.34109970927238464,
          0.07331234216690063,
          0.9371638298034668,
          -0.019409017637372017
        ],
        [
          0.0,
          0.0,
          0.0,
          1.0
        ]
      ],
      "pre_pose": [
        [
          0.025074293836951256,
          -0.9973089098930359,
          0.06889104843139648,
          -0.008591022342443466
        ],
        [
          0.939692497253418,
          -1.2676650840148795e-09,
          -0.34202006459236145,
          0.048994552344083786
        ],
        [
          0.34109970927238464,
          0.07331234216690063,
          0.9371638298034668,
          -0.13561733067035675
        ],
        [
          0.0,
          0.0,
          0.0,
          1.0
        ]
      ],
      "jaw_width": 0.015511127330835005,
      "score": 0.9507194444543399
    },
    {
      "pose": [
        [
          0.07219855487346649,
          -0.9973086714744568,
          -0.012730573303997517,
          -4.865082519245334e-05
        ],
        [
          -0.1736481636762619,
          -2.7006485936453828e-09,
          -0.9848074913024902,
          0.007038852199912071
        ],
        [
          0.9821574091911316,
          0.07331231981515884,
          -0.17318087816238403,
          -0.019110171124339104
        ],
        [
          0.0,
          0.0,
          0.0,
          1.0
        ]
      ],
      "pre_pose": [
        [
          0.07219855487346649,
          -0.9973086714744568,
          -0.012730573303997517,
          0.0015299402875825763
        ],
        [
          -0.1736481636762619,
          -2.7006485936453828e-09,
          -0.9848074913024902,
          0.1291549801826477
        ],
        [
          0.9821574091911316,
          0.07331231981515884,
          -0.17318087816238403,
          0.002364257350564003
        ],
        [
          0.0,
          0.0,
          0.0,
          1.0
        ]
      ],
      "jaw_width": 0.015555182528170296,
      "score": 0.950164129635122
    },
    {
      "pose": [
        [
          0.0,
          -0.9973089098930359,
          0.07331231981515884,
          -4.865082519245334e-05
        ],
        [
          0.9999998807907104,
          0.0,
          0.0,
          0.007038852199912071
        ],
        [
          0.0,
          0.07331234216690063,
          0.9973089098930359,
          -0.019110171124339104
        ],
        [
          0.0,
          0.0,
          0.0,
          1.0
        ]
      ],
      "pre_pose": [
        [
          0.0,
          -0.9973089098930359,
          0.07331231981515884,
          -0.009139377623796463
        ],
        [
          0.9999998807907104,
          0.0,
          0.0,
          0.007038852199912071
        ],
        [
          0.0,
          0.07331234216690063,
          0.9973089098930359,
          -0.1427764743566513
        ],
        [
          0.0,
          0.0,
          0.0,
          1.0
        ]
      ],
      "jaw_width": 0.015555182528170296,
      "score": 0.950164129635122
    },
    {
      "pose": [
        [
          0.0,
          0.9973089098930359,
          -0.07331231981515884,
          4.874393926002085e-05
        ],
        [
          -0.9999998807907104,
          0.0,
          0.0,
          0.005388766992837191
        ],
        [
          0.0,
          0.07331234216690063,
          0.9973089098930359,
          -0.018875759094953537
        ],
        [
          0.0,
          0.0,
          0.0,
          1.0
        ]
      ],
      "pre_pose": [
        [
          0.0,
          0.9973089098930359,
          -0.07331231981515884,
          0.009139470756053925
        ],
        [
          -0.9999998807907104,
          0.0,
          0.0,
          0.005388766992837191
        ],
        [
          0.0,
          0.07331234216690063,
          0.9973089098930359,
          -0.1425420641899109
        ],
        [
          0.0,
          0.0,
          0.0,
          1.0
        ]
      ],
      "jaw_width": 0.015589738847872747,
      "score": 0.949728547965101
    },
    {
      "pose": [
        [
          0.0,
          -0.9973089098930359,
          0.07331231981515884,
          -4.884463851340115e-05
        ],
        [
          0.9999998807907104,
          0.0,
          0.0,
          0.005782575346529484
        ],
        [
          0.0,
          0.07331234216690063,
          0.9973089098930359,
          -0.018622253090143204
        ],
        [
          0.0,
          0.0,
          0.0,
          1.0
        ]
      ],
      "pre_pose": [
        [
          0.0,
          -0.9973089098930359,
          0.07331231981515884,
          -0.009139572270214558
        ],
        [
          0.9999998807907104,
          0.0,
          0.0,
          0.005782575346529484
        ],
        [
          0.0,
          0.07331234216690063,
          0.9973089098930359,
          -0.14228855073451996
        ],
        [
          0.0,
          0.0,
          0.0,
          1.0
        ]
      ],
      "jaw_width": 0.015627109979080095,
      "score": 0.9492574856563243
    },
    {
      "pose": [
        [
          0.07219855487346649,
          -0.9973086714744568,
          -0.012730573303997517,
          -4.892062861472368e-05
        ],
        [
          -0.1736481636762619,
          -2.7006485936453828e-09,
          -0.9848074913024902,
          0.007064024452120066
        ],
        [
          0.9821574091911316,
          0.07331231981515884,
          -0.17318087816238403,
          -0.01843314804136753
        ],
        [
          0.0,
          0.0,
          0.0,
          1.0
        ]
      ],
      "pre_pose": [
        [
          0.07219855487346649,
          -0.9973086714744568,
          -0.012730573303997517,
          0.0015296704368665814
        ],
        [
          -0.1736481636762619,
          -2.7006485936453828e-09,
          -0.9848074913024902,
          0.1291801482439041
        ],
        [
          0.9821574091911316,
          0.07331231981515884,
          -0.17318087816238403,
          0.003041280433535576
        ],
        [
          0.0,
          0.0,
          0.0,
          1.0
        ]
      ],
      "jaw_width": 0.015654988929578187,
      "score": 0.948906072082166
    },
    {
      "pose": [
        [
          0.0,
          -0.9973089098930359,
          0.07331231981515884,
          -4.892062861472368e-05
        ],
        [
          0.9999998807907104,
          0.0,
          0.0,
          0.007064024452120066
        ],
        [
          0.0,
          0.07331234216690063,
          0.9973089098930359,
          -0.01843314804136753
        ],
        [
          0.0,
          0.0,
          0.0,
          1.0
        ]
      ],
      "pre_pose": [
        [
          0.0,
          -0.9973089098930359,
          0.07331231981515884,
          -0.009139647707343102
        ],
        [
          0.9999998807907104,
          0.0,
          0.0,
          0.007064024452120066
        ],
        [
          0.0,
          0.07331234216690063,
          0.9973089098930359,
          -0.14209945499897003
        ],
        [
          0.0,
          0.0,
          0.0,
          1.0
        ]
      ],
      "jaw_width": 0.015654988929578187,
      "score": 0.948906072082166
    },
    {
      "pose": [
        [
          0.07219855487346649,
          -0.9973087906837463,
          0.012730536982417107,
          -4.892062861472368e-05
        ],
        [
          0.1736481636762619,
          -2.7006485936453828e-09,
          -0.9848074913024902,
          0.007064024452120066
        ],
        [
          0.9821574091911316,
          0.07331232726573944,
          0.17318087816238403,
          -0.01843314804136753
        ],
        [
          0.0,
          0.0,
          0.0,
          1.0
        ]
      ],
      "pre_pose": [
        [
          0.07219855487346649,
          -0.9973087906837463,
          0.012730536982417107,
          -0.0016275071538984776
        ],
        [
          0.1736481636762619,
          -2.7006485936453828e-09,
          -0.9848074913024902,
          0.1291801482439041
        ],
        [
          0.9821574091911316,
          0.07331232726573944,
          0.17318087816238403,
          -0.03990757465362549
        ],
        [
          0.0,
          0.0,
          0.0,
          1.0
        ]
      ],
      "jaw_width": 0.015654988929578187,
      "score": 0.948906072082166
    },
    {
      "pose": [
        [
          0.0,
          0.9973089098930359,
          -0.07331231981515884,
          4.893446748610586e-05
        ],
        [
          -0.9999998807907104,
          0.0,
          0.0,
          0.005339901428669691
        ],
        [
          0.0,
          0.07331234216690063,
          0.9973089098930359,
          -0.01839611306786537
        ],
        [
          0.0,
          0.0,
          0.0,
          1.0
        ]
      ],
      "pre_pose": [
        [
          0.0,
          0.9973089098930359,
          -0.07331231981515884,
          0.00913966167718172
        ],
        [
          -0.9999998807907104,
          0.0,
          0.0,
          0.005339901428669691
        ],
        [
          0.0,
          0.07331234216690063,
          0.9973089098930359,
          -0.14206241071224213
        ],
        [
          0.0,
          0.0,
          0.0,
          1.0
        ]
      ],
      "jaw_width": 0.015660446705708434,
      "score": 0.9488372769308918
    },
    {
      "pose": [
        [
          0.0,
          -0.9973089098930359,
          0.07331231981515884,
          -4.899101622868329e-05
        ],
        [
          0.9999998807907104,
          0.0,
          0.0,
          0.003402936505153775
        ],
        [
          0.0,
          0.07331234216690063,
          0.9973089098930359,
          -0.018253754824399948
        ],
        [
          0.0,
          0.0,
          0.0,
          1.0
        ]
      ],
      "pre_pose": [
        [
          0.0,
          -0.9973089098930359,
          0.07331231981515884,
          -0.009139718487858772
        ],
        [
          0.9999998807907104,
          0.0,
          0.0,
          0.003402936505153775
        ],
        [
          0.0,
          0.07331234216690063,
          0.9973089098930359,
          -0.1419200599193573
        ],
        [
          0.0,
          0.0,
          0.0,
          1.0
        ]
      ],
      "jaw_width": 0.015681432718613948,
      "score": 0.9485727486875148
    },
    {
      "pose": [
        [
          -0.07219855487346649,
          -0.9973087906837463,
          0.012730536982417107,
          -4.899101622868329e-05
        ],
        [
          0.1736481636762619,
          2.7006485936453828e-09,
          0.9848074913024902,
          0.003402936505153775
        ],
        [
          -0.9821574091911316,
          0.07331232726573944,
          0.17318087816238403,
          -0.018253754824399948
        ],
        [
          0.0,
          0.0,
          0.0,
          1.0
        ]
      ],
      "pre_pose": [
        [
          -0.07219855487346649,
          -0.9973087906837463,
          0.012730536982417107,
          -0.0016275775851681828
        ],
        [
          0.1736481636762619,
          2.7006485936453828e-09,
          0.9848074913024902,
          -0.11871319264173508
        ],
        [
          -0.9821574091911316,
          0.07331232726573944,
          0.17318087816238403,
          -0.039728183299303055
        ],
        [
          0.0,
          0.0,
          0.0,
          1.0
        ]
      ],
      "jaw_width": 0.015681432718613948,
      "score": 0.9485727486875148
    },
    {
      "pose": [
        [
          -0.07219855487346649,
          -0.9973086714744568,
          -0.012730573303997517,
          -4.899101622868329e-05
        ],
        [
          -0.1736481636762619,
          2.7006485936453828e-09,
          0.9848074913024902,
          0.003402936505153775
        ],
        [
          -0.9821574091911316,
          0.07331231981515884,
          -0.17318087816238403,
          -0.018253754824399948
        ],
        [
          0.0,
          0.0,
          0.0,
          1.0
        ]
      ],
      "pre_pose": [
        [
          -0.07219855487346649,
          -0.9973086714744568,
          -0.012730573303997517,
          0.0015296000055968761
        ],
        [
          -0.1736481636762619,
          2.7006485936453828e-09,
          0.9848074913024902,
          -0.11871319264173508
        ],
        [
          -0.9821574091911316,
          0.07331231981515884,
          -0.17318087816238403,
          0.0032206736505031586
        ],
        [
          0.0,
          0.0,
          0.0,
          1.0
        ]
      ],
      "jaw_width": 0.015681432718613948,
      "score": 0.9485727486875148
    },
    {
      "pose": [
        [
          0.0,
          -0.9973089098930359,
          0.07331231981515884,
          -4.907270340481773e-05
        ],
        [
          0.9999998807907104,
          0.0,
          0.0,
          0.005380772519856691
        ],
        [
          0.0,
          0.07331234216690063,
          0.9973089098930359,
          -0.018048111349344254
        ],
        [
          0.0,
          0.0,
          0.0,
          1.0
        ]
      ],
      "pre_pose": [
        [
          0.0,
          -0.9973089098930359,
          0.07331231981515884,
          -0.009139799512922764
        ],
        [
          0.9999998807907104,
          0.0,
          0.0,
          0.005380772519856691
        ],
        [
          0.0,
          0.07331234216690063,
          0.9973089098930359,
          -0.141714408993721
        ],
        [
          0.0,
          0.0,
          0.0,
          1.0
        ]
      ],
      "jaw_width": 0.015711748129422325,
      "score": 0.9481906235833086
    },
    {
      "pose": [
        [
          0.0,
          -0.9973089098930359,
          0.07331231981515884,
          -4.93558072776068e-05
        ],
        [
          0.9999998807907104,
          0.0,
          0.0,
          0.004320130217820406
        ],
        [
          0.0,
          0.07331234216690063,
          0.9973089098930359,
          -0.017335403710603714
        ],
        [
          0.0,
          0.0,
          0.0,
          1.0
        ]
      ],
      "pre_pose": [
        [
          0.0,
          -0.9973089098930359,
          0.07331231981515884,
          -0.009140082634985447
        ],
        [
          0.9999998807907104,
          0.0,
          0.0,
          0.004320130217820406
        ],
        [
          0.0,
          0.07331234216690063,
          0.9973089098930359,
          -0.14100170135498047
        ],
        [
          0.0,
          0.0,
          0.0,
          1.0
        ]
      ],
      "jaw_width": 0.015816813501077984,
      "score": 0.9468662768229709
    },
    {
      "pose": [
        [
          -0.07219855487346649,
          -0.9973086714744568,
          -0.012730573303997517,
          -4.93558072776068e-05
        ],
        [
          -0.1736481636762619,
          2.7006485936453828e-09,
          0.9848074913024902,
          0.004320130217820406
        ],
        [
          -0.9821574091911316,
          0.07331231981515884,
          -0.17318087816238403,
          -0.017335403710603714
        ],
        [
          0.0,
          0.0,
          0.0,
          1.0
        ]
      ],
      "pre_pose": [
        [
          -0.07219855487346649,
          -0.9973086714744568,
          -0.012730573303997517,
          0.0015292352763935924
        ],
        [
          -0.1736481636762619,
          2.7006485936453828e-09,
          0.9848074913024902,
          -0.11779599636793137
        ],
        [
          -0.9821574091911316,
          0.07331231981515884,
          -0.17318087816238403,
          0.004139024764299393
        ],
        [
          0.0,
          0.0,
          0.0,
          1.0
        ]
      ],
      "jaw_width": 0.015816813501077984,
      "score": 0.9468662768229709
    },
    {
      "pose": [
        [
          0.07219855487346649,
          0.9973086714744568,
          0.012730573303997517,
          4.9376067181583494e-05
        ],
        [
          0.1736481636762619,
          -2.7006485936453828e-09,
          -0.9848074913024902,
          0.007563289254903793
        ],
        [
          -0.9821574091911316,
          0.07331231981515884,
          -0.17318087816238403,
          -0.017284397035837173
        ],
        [
          0.0,
          0.0,
          0.0,
          1.0
        ]
      ],
      "pre_pose": [
        [
          0.07219855487346649,
          0.9973086714744568,
          0.012730573303997517,
          -0.0015292150201275945
        ],
        [
          0.1736481636762619,
          -2.7006485936453828e-09,
          -0.9848074913024902,
          0.12967941164970398
        ],
        [
          -0.9821574091911316,
          0.07331231981515884,
          -0.17318087816238403,
          0.004190031439065933
        ],
        [
          0.0,
          0.0,
          0.0,
          1.0
        ]
      ],
      "jaw_width": 0.015824332756065054,
      "score": 0.9467714967748412
    },
    {
      "pose": [
        [
          0.07219855487346649,
          -0.9973086714744568,
          -0.012730573303997517,
          -4.9870071961777285e-05
        ],
        [
          -0.1736481636762619,
          -2.7006485936453828e-09,
          -0.9848074913024902,
          0.007741289213299751
        ],
        [
          0.9821574091911316,
          0.07331231981515884,
          -0.17318087816238403,
          -0.01604299806058407
        ],
        [
          0.0,
          0.0,
          0.0,
          1.0
        ]
      ],
      "pre_pose": [
        [
          0.07219855487346649,
          -0.9973086714744568,
          -0.012730573303997517,
          0.001528720953501761
        ],
        [
          -0.1736481636762619,
          -2.7006485936453828e-09,
          -0.9848074913024902,
          0.12985742092132568
        ],
        [
          0.9821574091911316,
          0.07331231981515884,
          -0.17318087816238403,
          0.005431430414319038
        ],
        [
          0.0,
          0.0,
          0.0,
          1.0
        ]
      ],
      "jaw_width": 0.016007337710478613,
      "score": 0.9444647232424763
    },
    {
      "pose": [
        [
          0.06349034607410431,
          -0.997308611869812,
          -0.03665618598461151,
          -4.9870071961777285e-05
        ],
        [
          -0.4999999403953552,
          4.686501853257141e-09,
          -0.8660252094268799,
          0.007741289213299751
        ],
        [
          0.8636947274208069,
          0.07331231236457825,
          -0.49865445494651794,
          -0.01604299806058407
        ],
        [
          0.0,
          0.0,
          0.0,
          1.0
        ]
      ],
      "pre_pose": [
        [
          0.06349034607410431,
          -0.997308611869812,
          -0.03665618598461151,
          0.004495496861636639
        ],
        [
          -0.4999999403953552,
          4.686501853257141e-09,
          -0.8660252094268799,
          0.11512841284275055
        ],
        [
          0.8636947274208069,
          0.07331231236457825,
          -0.49865445494651794,
          0.04579015076160431
        ],
        [
          0.0,
          0.0,
          0.0,
          1.0
        ]
      ],
      "jaw_width": 0.016007337710478613,
      "score": 0.9444647232424763
    },
    {
      "pose": [
        [
          0.07219855487346649,
          -0.9973087906837463,
          0.012730536982417107,
          -4.9870071961777285e-05
        ],
        [
          0.1736481636762619,
          -2.7006485936453828e-09,
          -0.9848074913024902,
          0.007741289213299751
        ],
        [
          0.9821574091911316,
          0.07331232726573944,
          0.17318087816238403,
          -0.01604299806058407
        ],
        [
          0.0,
          0.0,
          0.0,
          1.0
        ]
      ],
      "pre_pose": [
        [
          0.07219855487346649,
          -0.9973087906837463,
          0.012730536982417107,
          -0.001628456637263298
        ],
        [
          0.1736481636762619,
          -2.7006485936453828e-09,
          -0.9848074913024902,
          0.12985742092132568
        ],
        [
          0.9821574091911316,
          0.07331232726573944,
          0.17318087816238403,
          -0.037517428398132324
        ],
        [
          0.0,
          0.0,
          0.0,
          1.0
        ]
      ],
      "jaw_width": 0.016007337710478613,
      "score": 0.9444647232424763
    },
    {
      "pose": [
        [
          -0.1736481636762619,
          0.0,
          0.9848074913024902,
          -0.0054470691829919815
        ],
        [
          0.0,
          0.9999995827674866,
          0.0,
          0.005800000391900539
        ],
        [
          -0.9848074913024902,
          0.0,
          -0.1736481636762619,
          -0.006156691815704107
        ],
        [
          0.0,
          0.0,
          0.0,
          1.0
        ]
      ],
      "pre_pose": [
        [
          -0.1736481636762619,
          0.0,
          0.9848074913024902,
          -0.12756319344043732
        ],
        [
          0.0,
          0.9999995827674866,
          0.0,
          0.005800000391900539
        ],
        [
          -0.9848074913024902,
          0.0,
          -0.1736481636762619,
          0.015375679358839989
        ],
        [
          0.0,
          0.0,
          0.0,
          1.0
        ]
      ],
      "jaw_width": 0.007100000707907722,
      "score": 0.9394960367064406
    },
    {
      "pose": [
        [
          0.1736481636762619,
          0.0,
          0.9848074913024902,
          -0.0054470691829919815
        ],
        [
          0.0,
          0.9999997019767761,
          0.0,
          0.005800000391900539
        ],
        [
          -0.9848074913024902,
          0.0,
          0.1736481636762619,
          -0.006156691815704107
        ],
        [
          0.0,
          0.0,
          0.0,
          1.0
        ]
      ],
      "pre_pose": [
        [
          0.1736481636762619,
          0.0,
          0.9848074913024902,
          -0.12756319344043732
        ],
        [
          0.0,
          0.9999997019767761,
          0.0,
          0.005800000391900539
        ],
        [
          -0.9848074913024902,
          0.0,
          0.1736481636762619,
          -0.027689063921570778
        ],
        [
          0.0,
          0.0,
          0.0,
          1.0
        ]
      ],
      "jaw_width": 0.007100000707907722,
      "score": 0.9394960367064406
    },
    {
      "pose": [
        [
          -0.4999999403953552,
          0.0,
          0.8660252094268799,
          -0.0054470691829919815
        ],
        [
          0.0,
          0.9999995231628418,
          0.0,
          0.005800000391900539
        ],
        [
          -0.8660252094268799,
          0.0,
          -0.4999999403953552,
          -0.006156691815704107
        ],
        [
          0.0,
          0.0,
          0.0,
          1.0
        ]
      ],
      "pre_pose": [
        [
          -0.4999999403953552,
          0.0,
          0.8660252094268799,
          -0.11283419281244278
        ],
        [
          0.0,
          0.9999995231628418,
          0.0,
          0.005800000391900539
        ],
        [
          -0.8660252094268799,
          0.0,
          -0.4999999403953552,
          0.0558433011174202
        ],
        [
          0.0,
          0.0,
          0.0,
          1.0
        ]
      ],
      "jaw_width": 0.007100000707907722,
      "score": 0.9394960367064406
    },
    {
      "pose": [
        [
          -0.1736481636762619,
          0.0,
          0.9848074913024902,
          -0.004856240004301071
        ],
        [
          0.0,
          -0.9999997019767761,
          0.0,
          0.005799999460577965
        ],
        [
          0.9848074913024902,
          0.0,
          0.1736481636762619,
          -0.005523651372641325
        ],
        [
          0.0,
          0.0,
          0.0,
          1.0
        ]
      ],
      "pre_pose": [
        [
          -0.1736481636762619,
          0.0,
          0.9848074913024902,
          -0.12697236239910126
        ],
        [
          0.0,
          -0.9999997019767761,
          0.0,
          0.005799999460577965
        ],
        [
          0.9848074913024902,
          0.0,
          0.1736481636762619,
          -0.027056023478507996
        ],
        [
          0.0,
          0.0,
          0.0,
          1.0
        ]
      ],
      "jaw_width": 0.007100000389721186,
      "score": 0.939496032695706
    },
    {
      "pose": [
        [
          0.4999999403953552,
          0.0,
          0.8660252094268799,
          -0.004856240004301071
        ],
        [
          0.0,
          -0.9999995231628418,
          0.0,
          0.005799999460577965
        ],
        [
          0.8660252094268799,
          0.0,
          -0.4999999403953552,
          -0.005523651372641325
        ],
        [
          0.0,
          0.0,
          0.0,
          1.0
        ]
      ],
      "pre_pose": [
        [
          0.4999999403953552,
          0.0,
          0.8660252094268799,
          -0.11224336922168732
        ],
        [
          0.0,
          -0.9999995231628418,
          0.0,
          0.005799999460577965
        ],
        [
          0.8660252094268799,
          0.0,
          -0.4999999403953552,
          0.05647633969783783
        ],
        [
          0.0,
          0.0,
          0.0,
          1.0
        ]
      ],
      "jaw_width": 0.007100000389721186,
      "score": 0.939496032695706
    },
    {
      "pose": [
        [
          0.1736481636762619,
          0.0,
          0.9848074913024902,
          -0.004856240004301071
        ],
        [
          0.0,
          -0.9999995827674866,
          0.0,
          0.005799999460577965
        ],
        [
          0.9848074913024902,
          0.0,
          -0.1736481636762619,
          -0.005523651372641325
        ],
        [
          0.0,
          0.0,
          0.0,
          1.0
        ]
      ],
      "pre_pose": [
        [
          0.1736481636762619,
          0.0,
          0.9848074913024902,
          -0.12697236239910126
        ],
        [
          0.0,
          -0.9999995827674866,
          0.0,
          0.005799999460577965
        ],
        [
          0.9848074913024902,
          0.0,
          -0.1736481636762619,
          0.01600871980190277
        ],
        [
          0.0,
          0.0,
          0.0,
          1.0
        ]
      ],
      "jaw_width": 0.007100000389721186,
      "score": 0.939496032695706
    },
    {
      "pose": [
        [
          0.9999998807907104,
          0.0,
          -1.2246464555384738e-16,
          -0.004856240004301071
        ],
        [
          0.0,
          -0.9999994039535522,
          0.0,
          0.005799999460577965
        ],
        [
          -1.2246464555384738e-16,
          0.0,
          -0.9999998807907104,
          -0.005523651372641325
        ],
        [
          0.0,
          0.0,
          0.0,
          1.0
        ]
      ],
      "pre_pose": [
        [
          0.9999998807907104,
          0.0,
          -1.2246464555384738e-16,
          -0.004856240004301071
        ],
        [
          0.0,
          -0.9999994039535522,
          0.0,
          0.005799999460577965
        ],
        [
          -1.2246464555384738e-16,
          0.0,
          -0.9999998807907104,
          0.11847633123397827
        ],
        [
          0.0,
          0.0,
          0.0,
          1.0
        ]
      ],
      "jaw_width": 0.007100000389721186,
      "score": 0.939496032695706
    },
    {
      "pose": [
        [
          -0.1736481636762619,
          8.731097409508948e-07,
          -0.9848074913024902,
          0.002874358557164669
        ],
        [
          7.151197110033536e-07,
          0.9999995827674866,
          7.604839993291534e-07,
          0.005799999460577965
        ],
        [
          0.9848074913024902,
          -5.721987577089749e-07,
          -0.1736481636762619,
          -0.0068760039284825325
        ],
        [
          0.0,
          0.0,
          0.0,
          1.0
        ]
      ],
      "pre_pose": [
        [
          -0.1736481636762619,
          8.731097409508948e-07,
          -0.9848074913024902,
          0.12499048560857773
        ],
        [
          7.151197110033536e-07,
          0.9999995827674866,
          7.604839993291534e-07,
          0.005799904931336641
        ],
        [
          0.9848074913024902,
          -5.721987577089749e-07,
          -0.1736481636762619,
          0.01465636771172285
        ],
        [
          0.0,
          0.0,
          0.0,
          1.0
        ]
      ],
      "jaw_width": 0.007100000025525188,
      "score": 0.9394960281050233
    },
    {
      "pose": [
        [
          -0.1736481636762619,
          0.0,
          -0.9848074913024902,
          0.0030801277607679367
        ],
        [
          0.0,
          -0.9999997019767761,
          0.0,
          0.005799999926239252
        ],
        [
          -0.9848074913024902,
          0.0,
          0.1736481636762619,
          -0.013470668345689774
        ],
        [
          0.0,
          0.0,
          0.0,
          1.0
        ]
      ],
      "pre_pose": [
        [
          -0.1736481636762619,
          0.0,
          -0.9848074913024902,
          0.12519624829292297
        ],
        [
          0.0,
          -0.9999997019767761,
          0.0,
          0.005799999926239252
        ],
        [
          -0.9848074913024902,
          0.0,
          0.1736481636762619,
          -0.03500303998589516
        ],
        [
          0.0,
          0.0,
          0.0,
          1.0
        ]
      ],
      "jaw_width": 0.007099999873127453,
      "score": 0.939496026184053
    },
    {
      "pose": [
        [
          0.1736481636762619,
          0.0,
          -0.9848074913024902,
          0.0030801277607679367
        ],
        [
          0.0,
          -0.9999995827674866,
          0.0,
          0.005799999926239252
        ],
        [
          -0.9848074913024902,
          0.0,
          -0.1736481636762619,
          -0.013470668345689774
        ],
        [
          0.0,
          0.0,
          0.0,
          1.0
        ]
      ],
      "pre_pose": [
        [
          0.1736481636762619,
          0.0,
          -0.9848074913024902,
          0.12519624829292297
        ],
        [
          0.0,
          -0.9999995827674866,
          0.0,
          0.005799999926239252
        ],
        [
          -0.9848074913024902,
          0.0,
          -0.1736481636762619,
          0.00806170329451561
        ],
        [
          0.0,
          0.0,
          0.0,
          1.0
        ]
      ],
      "jaw_width": 0.007099999873127453,
      "score": 0.939496026184053
    },
    {
      "pose": [
        [
          -0.9999998807907104,
          0.0,
          0.0,
          -0.0017008781433105469
        ],
        [
          0.0,
          -0.9999998807907104,
          0.0,
          0.005799999926239252
        ],
        [
          0.0,
          0.0,
          0.9999998807907104,
          -0.02046835608780384
        ],
        [
          0.0,
          0.0,
          0.0,
          1.0
        ]
      ],
      "pre_pose": [
        [
          -0.9999998807907104,
          0.0,
          0.0,
          -0.0017008781433105469
        ],
        [
          0.0,
          -0.9999998807907104,
          0.0,
          0.005799999926239252
        ],
        [
          0.0,
          0.0,
          0.9999998807907104,
          -0.14446833729743958
        ],
        [
          0.0,
          0.0,
          0.0,
          1.0
        ]
      ],
      "jaw_width": 0.00709999976610114,
      "score": 0.9394960248349887
    },
    {
      "pose": [
        [
          -0.1736481636762619,
          0.0,
          -0.9848074913024902,
          0.004148445557802916
        ],
        [
          0.0,
          0.9999995827674866,
          0.0,
          0.005799999926239252
        ],
        [
          0.9848074913024902,
          0.0,
          -0.1736481636762619,
          -0.00774525199085474
        ],
        [
          0.0,
          0.0,
          0.0,
          1.0
        ]
      ],
      "pre_pose": [
        [
          -0.1736481636762619,
          0.0,
          -0.9848074913024902,
          0.1262645721435547
        ],
        [
          0.0,
          0.9999995827674866,
          0.0,
          0.005799999926239252
        ],
        [
          0.9848074913024902,
          0.0,
          -0.1736481636762619,
          0.013787119649350643
        ],
        [
          0.0,
          0.0,
          0.0,
          1.0
        ]
      ],
      "jaw_width": 0.00709999970569535,
      "score": 0.939496024073575
    },
    {
      "pose": [
        [
          0.1736481636762619,
          0.0,
          -0.9848074913024902,
          0.004148445557802916
        ],
        [
          0.0,
          0.9999997019767761,
          0.0,
          0.005799999926239252
        ],
        [
          0.9848074913024902,
          0.0,
          0.1736481636762619,
          -0.00774525199085474
        ],
        [
          0.0,
          0.0,
          0.0,
          1.0
        ]
      ],
      "pre_pose": [
        [
          0.1736481636762619,
          0.0,
          -0.9848074913024902,
          0.1262645721435547
        ],
        [
          0.0,
          0.9999997019767761,
          0.0,
          0.005799999926239252
        ],
        [
          0.9848074913024902,
          0.0,
          0.1736481636762619,
          -0.02927762269973755
        ],
        [
          0.0,
          0.0,
          0.0,
          1.0
        ]
      ],
      "jaw_width": 0.00709999970569535,
      "score": 0.939496024073575
    },
    {
      "pose": [
        [
          0.9999998807907104,
          0.0,
          -1.2246464555384738e-16,
          -0.0023766816593706608
        ],
        [
          0.0,
          -0.9999994039535522,
          0.0,
          0.005799999926239252
        ],
        [
          -1.2246464555384738e-16,
          0.0,
          -0.9999998807907104,
          -0.005993111990392208
        ],
        [
          0.0,
          0.0,
          0.0,
          1.0
        ]
      ],
      "pre_pose": [
        [
          0.9999998807907104,
          0.0,
          -1.2246464555384738e-16,
          -0.0023766816593706608
        ],
        [
          0.0,
          -0.9999994039535522,
          0.0,
          0.005799999926239252
        ],
        [
          -1.2246464555384738e-16,
          0.0,
          -0.9999998807907104,
          0.1180068701505661
        ],
        [
          0.0,
          0.0,
          0.0,
          1.0
        ]
      ],
      "jaw_width": 0.00709999959684322,
      "score": 0.9394960227014962
    },
    {
      "pose": [
        [
          -0.9999998807907104,
          0.0,
          0.0,
          0.0009882976301014423
        ],
        [
          0.0,
          -0.9999998807907104,
          0.0,
          0.005800000391900539
        ],
        [
          0.0,
          0.0,
          0.9999998807907104,
          -0.020078038796782494
        ],
        [
          0.0,
          0.0,
          0.0,
          1.0
        ]
      ],
      "pre_pose": [
        [
          -0.9999998807907104,
          0.0,
          0.0,
          0.0009882976301014423
        ],
        [
          0.0,
          -0.9999998807907104,
          0.0,
          0.005800000391900539
        ],
        [
          0.0,
          0.0,
          0.9999998807907104,
          -0.14407801628112793
        ],
        [
          0.0,
          0.0,
          0.0,
          1.0
        ]
      ],
      "jaw_width": 0.007099999154524823,
      "score": 0.9394960171260823
    },
    {
      "pose": [
        [
          0.1736481636762619,
          0.0,
          -0.9848074913024902,
          0.002819519257172942
        ],
        [
          0.0,
          -0.9999995827674866,
          0.0,
          0.005800000391900539
        ],
        [
          -0.9848074913024902,
          0.0,
          -0.1736481636762619,
          -0.00859825313091278
        ],
        [
          0.0,
          0.0,
          0.0,
          1.0
        ]
      ],
      "pre_pose": [
        [
          0.1736481636762619,
          0.0,
          -0.9848074913024902,
          0.12493564188480377
        ],
        [
          0.0,
          -0.9999995827674866,
          0.0,
          0.005800000391900539
        ],
