{
  "metadata": {
    "gripper": "KRBRight",
    "object": "con_ma.stl"
  },
  "grasps": [
    {
      "pose": [
        [
          -0.9967392086982727,
          4.296819497429105e-11,
          -0.08069035410881042,
          -0.00021336018107831478
        ],
        [
          0.08069035410881042,
          -2.4573343360145827e-10,
          -0.9967392086982727,
          0.007353896275162697
        ],
        [
          -6.265640090097335e-11,
          -1.0,
          2.4146501464983317e-10,
          0.004800000227987766
        ],
        [
          0.0,
          0.0,
          0.0,
          1.0
        ]
      ],
      "pre_pose": [
        [
          -0.9967392086982727,
          4.296819497429105e-11,
          -0.08069035410881042,
          0.009269129484891891
        ],
        [
          0.08069035410881042,
          -2.4573343360145827e-10,
          -0.9967392086982727,
          0.12448771297931671
        ],
        [
          -6.265640090097335e-11,
          -1.0,
          2.4146501464983317e-10,
          0.004800000227987766
        ],
        [
          0.0,
          0.0,
          0.0,
          1.0
        ]
      ],
      "jaw_width": 0.009200000408478081,
      "score": 1.0
    },
    {
      "pose": [
        [
          -1.8908931451733224e-06,
          -1.0,
          7.55680886754817e-08,
          -9.313225746154785e-10
        ],
        [
          0.09340761601924896,
          -1.0138612083210319e-07,
          0.9956279397010803,
          0.0035563723649829626
        ],
        [
          -0.9956279397010803,
          1.8896847677751794e-06,
          0.09340761601924896,
          0.004371948540210724
        ],
        [
          0.0,
          0.0,
          0.0,
          1.0
        ]
      ],
      "pre_pose": [
        [
          -1.8908931451733224e-06,
          -1.0,
          7.55680886754817e-08,
          -9.811858880937052e-09
        ],
        [
          0.09340761601924896,
          -1.0138612083210319e-07,
          0.9956279397010803,
          -0.11344685405492783
        ],
        [
          -0.9956279397010803,
          1.8896847677751794e-06,
          0.09340761601924896,
          -0.006605035625398159
        ],
        [
          0.0,
          0.0,
          0.0,
          1.0
        ]
      ],
      "jaw_width": 0.01339999886173755,
      "score": 1.0
    },
    {
      "pose": [
        [
          -1.8169536133427755e-06,
          -1.0,
          -5.289872433422715e-07,
          -6.984919309616089e-10
        ],
        [
          -0.22780263423919678,
          -1.0117192061898095e-07,
          0.9737073183059692,
          0.0025199654046446085
        ],
        [
          -0.9737073183059692,
          1.8896857909567188e-06,
          -0.22780263423919678,
          0.004954307805746794
        ],
        [
          0.0,
          0.0,
          0.0,
          1.0
        ]
      ],
      "pre_pose": [
        [
          -1.8169536133427755e-06,
          -1.0,
          -5.289872433422715e-07,
          6.146650832761225e-08
        ],
        [
          -0.22780263423919678,
          -1.0117192061898095e-07,
          0.9737073183059692,
          -0.11190721392631531
        ],
        [
          -0.9737073183059692,
          1.8896857909567188e-06,
          -0.22780263423919678,
          0.031724993139505386
        ],
        [
          0.0,
          0.0,
          0.0,
          1.0
        ]
      ],
      "jaw_width": 0.01339999886173755,
      "score": 1.0
    },
    {
      "pose": [
        [
          -4.054474811443498e-11,
          -1.0,
          5.860364971077558e-11,
          0.0
        ],
        [
          -0.019114956259727478,
          5.936795499650316e-11,
          0.9998173117637634,
          0.0012596736196428537
        ],
        [
          -0.9998173117637634,
          3.941713622168663e-11,
          -0.019114956259727478,
          0.004896108061075211
        ],
        [
          0.0,
          0.0,
          0.0,
          1.0
        ]
      ],
      "pre_pose": [
        [
          -4.054474811443498e-11,
          -1.0,
          5.860364971077558e-11,
          -6.886925925375653e-12
        ],
        [
          -0.019114956259727478,
          5.936795499650316e-11,
          0.9998173117637634,
          -0.11623586714267731
        ],
        [
          -0.9998173117637634,
          3.941713622168663e-11,
          -0.019114956259727478,
          0.007142440415918827
        ],
        [
          0.0,
          0.0,
          0.0,
          1.0
        ]
      ],
      "jaw_width": 0.013400000724382698,
      "score": 1.0
    },
    {
      "pose": [
        [
          -0.9998142719268799,
          4.848582299543658e-11,
          0.019273681566119194,
          -0.000663478160277009
        ],
        [
          -0.019273681566119194,
          -4.590568918917681e-13,
          -0.9998142719268799,
          0.007347149308770895
        ],
        [
          -4.846796575197487e-11,
          -1.0,
          1.3936074516607277e-12,
          0.004800000227987766
        ],
        [
          0.0,
          0.0,
          0.0,
          1.0
        ]
      ],
      "pre_pose": [
        [
          -0.9998142719268799,
          4.848582299543658e-11,
          0.019273681566119194,
          -0.0029284637421369553
        ],
        [
          -0.019273681566119194,
          -4.590568918917681e-13,
          -0.9998142719268799,
          0.12484234571456909
        ],
        [
          -4.846796575197487e-11,
          -1.0,
          1.3936074516607277e-12,
          0.004800000227987766
        ],
        [
          0.0,
          0.0,
          0.0,
          1.0
        ]
      ],
      "jaw_width": 0.009199998545832932,
      "score": 1.0
    },
    {
      "pose": [
        [
          -3.3872585292193946e-10,
          -1.0,
          7.853617062236751e-11,
          4.656612873077393e-10
        ],
        [
          -0.1287326067686081,
          1.2148779204856908e-10,
          0.9916793704032898,
          0.002972494810819626
        ],
        [
          -0.9916793704032898,
          3.257975000892088e-10,
          -0.1287326067686081,
          0.0047756764106452465
        ],
        [
          0.0,
          0.0,
          0.0,
          1.0
        ]
      ],
      "pre_pose": [
        [
          -3.3872585292193946e-10,
          -1.0,
          7.853617062236751e-11,
          4.564319477928791e-10
        ],
        [
          -0.1287326067686081,
          1.2148779204856908e-10,
          0.9916793704032898,
          -0.11356671154499054
        ],
        [
          -0.9916793704032898,
          3.257975000892088e-10,
          -0.1287326067686081,
          0.01990394853055477
        ],
        [
          0.0,
          0.0,
          0.0,
          1.0
        ]
      ],
      "jaw_width": 0.013399999793060124,
      "score": 1.0
    },
    {
      "pose": [
        [
          1.3854881131258878e-10,
          -1.0,
          -1.1769470120714942e-10,
          0.0
        ],
        [
          0.004399795550853014,
          -1.1708396752130312e-10,
          0.9999903440475464,
          0.0027744234539568424
        ],
        [
          -0.9999903440475464,
          -1.390653009414322e-10,
          0.004399795550853014,
          0.00489115621894598
        ],
        [
          0.0,
          0.0,
          0.0,
          1.0
        ]
      ],
      "pre_pose": [
        [
          1.3854881131258878e-10,
          -1.0,
          -1.1769470120714942e-10,
          1.3831129817842847e-11
        ],
        [
          0.004399795550853014,
          -1.1708396752130312e-10,
          0.9999903440475464,
          -0.11474145948886871
        ],
        [
          -0.9999903440475464,
          -1.390653009414322e-10,
          0.004399795550853014,
          0.004374105483293533
        ],
        [
          0.0,
          0.0,
          0.0,
          1.0
        ]
      ],
      "jaw_width": 0.013400000724382698,
      "score": 1.0
    },
    {
      "pose": [
        [
          -1.8476312106940895e-06,
          -1.0,
          2.0350587703887868e-07,
          -4.656612873077393e-10
        ],
        [
          0.16350524127483368,
          -1.0133019401337151e-07,
          0.9865424633026123,
          0.002364598447456956
        ],
        [
          -0.9865424633026123,
          1.8560409671408706e-06,
          0.16350524127483368,
          0.005052844062447548
        ],
        [
          0.0,
          0.0,
          0.0,
          1.0
        ]
      ],
      "pre_pose": [
        [
          -1.8476312106940895e-06,
          -1.0,
          2.0350587703887868e-07,
          -2.4381064278600206e-08
        ],
        [
          0.16350524127483368,
          -1.0133019401337151e-07,
          0.9865424633026123,
          -0.1135709285736084
        ],
        [
          -0.9865424633026123,
          1.8560409671408706e-06,
          0.16350524127483368,
          -0.01416180469095707
        ],
        [
          0.0,
          0.0,
          0.0,
          1.0
        ]
      ],
      "jaw_width": 0.013399999793060124,
      "score": 1.0
    },
    {
      "pose": [
        [
          -1.2468830135059505e-10,
          -1.0,
          -1.1293533469514117e-10,
          4.656612873077393e-10
        ],
        [
          -0.2426772266626358,
          -7.930035794689871e-11,
          0.9701070785522461,
          0.002272040583193302
        ],
        [
          -0.9701070785522461,
          1.4836783190919078e-10,
          -0.2426772266626358,
          0.004858607426285744
        ],
        [
          0.0,
          0.0,
          0.0,
          1.0
        ]
      ],
      "pre_pose": [
        [
          -1.2468830135059505e-10,
          -1.0,
          -1.1293533469514117e-10,
          4.789331153887133e-10
        ],
        [
          -0.2426772266626358,
          -7.930035794689871e-11,
          0.9701070785522461,
          -0.11173205077648163
        ],
        [
          -0.9701070785522461,
          1.4836783190919078e-10,
          -0.2426772266626358,
          0.03337731212377548
        ],
        [
          0.0,
          0.0,
          0.0,
          1.0
        ]
      ],
      "jaw_width": 0.013399999793060124,
      "score": 1.0
    },
    {
      "pose": [
        [
          -1.8509508663555607e-06,
          -1.0,
          -1.7320193990144617e-07,
          -9.313225746154785e-10
        ],
        [
          -0.03878632187843323,
          -1.012800368016542e-07,
          0.9992475509643555,
          0.003652023384347558
        ],
        [
          -0.9992475509643555,
          1.8562759578344412e-06,
          -0.03878632187843323,
          0.004389292560517788
        ],
        [
          0.0,
          0.0,
          0.0,
          1.0
        ]
      ],
      "pre_pose": [
        [
          -1.8509508663555607e-06,
          -1.0,
          -1.7320193990144617e-07,
          1.9422852659545242e-08
        ],
        [
          -0.03878632187843323,
          -1.012800368016542e-07,
          0.9992475509643555,
          -0.11377657204866409
        ],
        [
          -0.9992475509643555,
          1.8562759578344412e-06,
          -0.03878632187843323,
          0.008947345428168774
        ],
        [
          0.0,
          0.0,
          0.0,
          1.0
        ]
      ],
      "jaw_width": 0.01339999886173755,
      "score": 1.0
    },
    {
      "pose": [
        [
          -0.9996233582496643,
          1.5736167924274014e-10,
          0.027443015947937965,
          -0.0001539688091725111
        ],
        [
          -0.027443015947937965,
          -4.6316003809998563e-10,
          -0.9996233582496643,
          0.007837431505322456
        ],
        [
          -1.445918940135016e-10,
          -1.0,
          4.673041953395796e-10,
          0.004800000227987766
        ],
        [
          0.0,
          0.0,
          0.0,
          1.0
        ]
      ],
      "pre_pose": [
        [
          -0.9996233582496643,
          1.5736167924274014e-10,
          0.027443015947937965,
          -0.0033789901062846184
        ],
        [
          -0.027443015947937965,
          -4.6316003809998563e-10,
          -0.9996233582496643,
          0.12531018257141113
        ],
        [
          -1.445918940135016e-10,
          -1.0,
          4.673041953395796e-10,
          0.004800000227987766
        ],
        [
          0.0,
          0.0,
          0.0,
          1.0
        ]
      ],
      "jaw_width": 0.009200000408478081,
      "score": 1.0
    },
    {
      "pose": [
        [
          -1.8151521317122388e-06,
          -1.0,
          -5.339164772522054e-07,
          -9.313225746154785e-10
        ],
        [
          -0.2304496467113495,
          -1.012445096648662e-07,
          0.9730842709541321,
          0.0021134279668331146
        ],
        [
          -0.9730842709541321,
          1.8893368860517512e-06,
          -0.2304496467113495,
          0.004561141598969698
        ],
        [
          0.0,
          0.0,
          0.0,
          1.0
        ]
      ],
      "pre_pose": [
        [
          -1.8151521317122388e-06,
          -1.0,
          -5.339164772522054e-07,
          6.18129476492868e-08
        ],
        [
          -0.2304496467113495,
          -1.012445096648662e-07,
          0.9730842709541321,
          -0.11224053800106049
        ],
        [
          -0.9730842709541321,
          1.8893368860517512e-06,
          -0.2304496467113495,
          0.03164289891719818
        ],
        [
          0.0,
          0.0,
          0.0,
          1.0
        ]
      ],
      "jaw_width": 0.01339999886173755,
      "score": 1.0
    },
    {
      "pose": [
        [
          -3.228532025056907e-11,
          -1.0,
          1.1442052860743956e-10,
          0.0
        ],
        [
          0.032232366502285004,
          1.1332044330680802e-10,
          0.9994804263114929,
          0.002969240304082632
        ],
        [
          -0.9994804263114929,
          3.595647737886232e-11,
          0.032232366502285004,
          0.005017977673560381
        ],
        [
          0.0,
          0.0,
          0.0,
          1.0
        ]
      ],
      "pre_pose": [
        [
          -3.228532025056907e-11,
          -1.0,
          1.1442052860743956e-10,
          -1.3446359477253811e-11
        ],
        [
          0.032232366502285004,
          1.1332044330680802e-10,
          0.9994804263114929,
          -0.11448671668767929
        ],
        [
          -0.9994804263114929,
          3.595647737886232e-11,
          0.032232366502285004,
          0.0012301260139793158
        ],
        [
          0.0,
          0.0,
          0.0,
          1.0
        ]
      ],
      "jaw_width": 0.013400000724382698,
      "score": 1.0
    },
    {
      "pose": [
        [
          -1.8887538999479148e-06,
          -1.0,
          1.1351108497592577e-07,
          -6.984919309616089e-10
        ],
        [
          0.11333242803812027,
          -1.0127730121212153e-07,
          0.9935571551322937,
          0.003015410155057907
        ],
        [
          -0.9935571551322937,
          1.8894493223342579e-06,
          0.11333242803812027,
          0.00481743598356843
        ],
        [
          0.0,
          0.0,
          0.0,
          1.0
        ]
      ],
      "pre_pose": [
        [
          -1.8887538999479148e-06,
          -1.0,
          1.1351108497592577e-07,
          -1.4037976114877893e-08
        ],
        [
          0.11333242803812027,
          -1.0127730121212153e-07,
          0.9935571551322937,
          -0.11374446749687195
        ],
        [
          -0.9935571551322937,
          1.8894493223342579e-06,
          0.11333242803812027,
          -0.008501052856445312
        ],
        [
          0.0,
          0.0,
          0.0,
          1.0
        ]
      ],
      "jaw_width": 0.01339999886173755,
      "score": 1.0
    },
    {
      "pose": [
        [
          -3.8462946716499857e-10,
          -1.0,
          -1.1533776711480925e-10,
          4.656612873077393e-10
        ],
        [
          0.0036481276620179415,
          -1.1674018696172794e-10,
          0.9999933242797852,
          0.0029282220639288425
        ],
        [
          -0.9999933242797852,
          3.8420636117031393e-10,
          0.0036481276620179415,
          0.004470127169042826
        ],
        [
          0.0,
          0.0,
          0.0,
          1.0
        ]
      ],
      "pre_pose": [
        [
          -3.8462946716499857e-10,
          -1.0,
          -1.1533776711480925e-10,
          4.792154451038755e-10
        ],
        [
          0.0036481276620179415,
          -1.1674018696172794e-10,
          0.9999933242797852,
          -0.11458801478147507
        ],
        [
          -0.9999933242797852,
          3.8420636117031393e-10,
          0.0036481276620179415,
          0.0040414100512862206
        ],
        [
          0.0,
          0.0,
          0.0,
          1.0
        ]
      ],
      "jaw_width": 0.013399999793060124,
      "score": 1.0
    },
    {
      "pose": [
        [
          -2.7498370247514003e-10,
          -1.0,
          3.352744570861432e-08,
          -4.656612873077393e-10
        ],
        [
          0.005340519826859236,
          -3.352843691573071e-08,
          -0.9999857544898987,
          0.00695065688341856
        ],
        [
          0.9999857544898987,
          -9.592603794628118e-11,
          0.005340519826859236,
          0.0050046406686306
        ],
        [
          0.0,
          0.0,
          0.0,
          1.0
        ]
      ],
      "pre_pose": [
        [
          -2.7498370247514003e-10,
          -1.0,
          3.352744570861432e-08,
          -4.405706910404206e-09
        ],
        [
          0.005340519826859236,
          -3.352843691573071e-08,
          -0.9999857544898987,
          0.12446599453687668
        ],
        [
          0.9999857544898987,
          -9.592603794628118e-11,
          0.005340519826859236,
          0.004377038683742285
        ],
        [
          0.0,
          0.0,
          0.0,
          1.0
        ]
      ],
      "jaw_width": 0.013400000724382698,
      "score": 1.0
    },
    {
      "pose": [
        [
          -0.9952672123908997,
          1.5291486132884557e-10,
          0.09717625379562378,
          -0.0008097268873825669
        ],
        [
          -0.09717625379562378,
          1.4930386788014616e-11,
          -0.9952672123908997,
          0.007357276044785976
        ],
        [
          -1.5364201577661163e-10,
          -1.0,
          0.0,
          0.004800000227987766
        ],
        [
          0.0,
          0.0,
          0.0,
          1.0
        ]
      ],
      "pre_pose": [
        [
          -0.9952672123908997,
          1.5291486132884557e-10,
          0.09717625379562378,
          -0.01222959067672491
        ],
        [
          -0.09717625379562378,
          1.4930386788014616e-11,
          -0.9952672123908997,
          0.12431810796260834
        ],
        [
          -1.5364201577661163e-10,
          -1.0,
          0.0,
          0.004800000227987766
        ],
        [
          0.0,
          0.0,
          0.0,
          1.0
        ]
      ],
      "jaw_width": 0.009200000408478081,
      "score": 1.0
    },
    {
      "pose": [
        [
          1.3810741439357344e-10,
          -1.0,
          2.7148512604657782e-11,
          2.3283064365386963e-10
        ],
        [
          -0.0932815670967102,
          1.4147271895637026e-11,
          0.9956397414207458,
          0.0029745923820883036
        ],
        [
          -0.9956397414207458,
          -1.400375787552477e-10,
          -0.0932815670967102,
          0.004435568582266569
        ],
        [
          0.0,
          0.0,
          0.0,
          1.0
        ]
      ],
      "pre_pose": [
        [
          1.3810741439357344e-10,
          -1.0,
          2.7148512604657782e-11,
          2.2964023738136774e-10
        ],
        [
          -0.0932815670967102,
          1.4147271895637026e-11,
          0.9956397414207458,
          -0.11403001844882965
        ],
        [
          -0.9956397414207458,
          -1.400375787552477e-10,
          -0.0932815670967102,
          0.01539774052798748
        ],
        [
          0.0,
          0.0,
          0.0,
          1.0
        ]
      ],
      "jaw_width": 0.013400000724382698,
      "score": 1.0
    },
    {
      "pose": [
        [
          -6.759618287333069e-08,
          1.0,
          4.1326905786398527e-10,
          -2.3283064365386963e-10
        ],
        [
          -0.0026698752772063017,
          2.3279421446087412e-10,
          -0.9999964237213135,
          0.007294904440641403
        ],
        [
          -0.9999964237213135,
          -6.759704263004096e-08,
          0.0026698752772063017,
          0.004807695746421814
        ],
        [
          0.0,
          0.0,
          0.0,
          1.0
        ]
      ],
      "pre_pose": [
        [
          -6.759618287333069e-08,
          1.0,
          4.1326905786398527e-10,
          -2.813967947545848e-10
        ],
        [
          -0.0026698752772063017,
          2.3279421446087412e-10,
          -0.9999964237213135,
          0.12481150031089783
        ],
        [
          -0.9999964237213135,
          -6.759704263004096e-08,
          0.0026698752772063017,
          0.004493940155953169
        ],
        [
          0.0,
          0.0,
          0.0,
          1.0
        ]
      ],
      "jaw_width": 0.013400002587027848,
      "score": 1.0
    },
    {
      "pose": [
        [
          -1.833815076679457e-06,
          -1.0,
          -3.0377697157746297e-07,
          -9.313225746154785e-10
        ],
        [
          -0.10942256450653076,
          -1.012921373444442e-07,
          0.9939953088760376,
          0.003040580777451396
        ],
        [
          -0.9939953088760376,
          1.856043695624976e-06,
          -0.10942256450653076,
          0.004442784935235977
        ],
        [
          0.0,
          0.0,
          0.0,
          1.0
        ]
      ],
      "pre_pose": [
        [
          -1.833815076679457e-06,
          -1.0,
          -3.0377697157746297e-07,
          3.476764121046472e-08
        ],
        [
          -0.10942256450653076,
          -1.012921373444442e-07,
          0.9939953088760376,
          -0.11377078294754028
        ],
        [
          -0.9939953088760376,
          1.856043695624976e-06,
          -0.10942256450653076,
          0.01730179786682129
        ],
        [
          0.0,
          0.0,
          0.0,
          1.0
        ]
      ],
      "jaw_width": 0.01339999886173755,
      "score": 1.0
    },
    {
      "pose": [
        [
          -9.318774224498227e-11,
          -1.0,
          -2.687475676027562e-12,
          0.0
        ],
        [
          -0.07844433188438416,
          4.630856028503549e-12,
          0.9969184994697571,
          0.0023158974945545197
        ],
        [
          -0.9969184994697571,
          9.311140053425149e-11,
          -0.07844433188438416,
          0.005173573270440102
        ],
        [
          0.0,
          0.0,
          0.0,
          1.0
        ]
      ],
      "pre_pose": [
        [
          -9.318774224498227e-11,
          -1.0,
          -2.687475676027562e-12,
          3.1582413550709787e-13
        ],
        [
          -0.07844433188438416,
          4.630856028503549e-12,
          0.9969184994697571,
          -0.11483898758888245
        ],
        [
          -0.9969184994697571,
          9.311140053425149e-11,
          -0.07844433188438416,
          0.014392117038369179
        ],
        [
          0.0,
          0.0,
          0.0,
          1.0
        ]
      ],
      "jaw_width": 0.013400000724382698,
      "score": 1.0
    },
    {
      "pose": [
        [
          -3.146353177996275e-10,
          -1.0,
          1.4530213143792992e-10,
          0.0
        ],
        [
          0.08479136973619461,
          1.1810048772264992e-10,
          0.9963987469673157,
          0.0027672615833580494
        ],
        [
          -0.9963987469673157,
          3.258228131741703e-10,
          0.08479136973619461,
          0.00488405954092741
        ],
        [
          0.0,
          0.0,
          0.0,
          1.0
        ]
      ],
      "pre_pose": [
        [
          -3.146353177996275e-10,
          -1.0,
          1.4530213143792992e-10,
          -1.7075472980021544e-11
        ],
        [
          0.08479136973619461,
          1.1810048772264992e-10,
          0.9963987469673157,
          -0.11432654410600662
        ],
        [
          -0.9963987469673157,
          3.258228131741703e-10,
          0.08479136973619461,
          -0.005080369301140308
        ],
        [
          0.0,
          0.0,
          0.0,
          1.0
        ]
      ],
      "jaw_width": 0.013400000724382698,
      "score": 1.0
    },
    {
      "pose": [
        [
          -2.7763552568060845e-10,
          -1.0,
          9.002722178852451e-11,
          2.3283064365386963e-10
        ],
        [
          -0.09750296920537949,
          1.16668549821064e-10,
          0.9952352046966553,
          0.0027636317536234856
        ],
        [
          -0.9952352046966553,
          2.675347443581444e-10,
          -0.09750296920537949,
          0.004449240863323212
        ],
        [
          0.0,
          0.0,
          0.0,
          1.0
        ]
      ],
      "pre_pose": [
        [
          -2.7763552568060845e-10,
          -1.0,
          9.002722178852451e-11,
          2.2225091211858228e-10
        ],
        [
          -0.09750296920537949,
          1.16668549821064e-10,
          0.9952352046966553,
          -0.11419344693422318
        ],
        [
          -0.9952352046966553,
          2.675347443581444e-10,
          -0.09750296920537949,
          0.015907499939203262
        ],
        [
          0.0,
          0.0,
          0.0,
          1.0
        ]
      ],
      "jaw_width": 0.013400000724382698,
      "score": 1.0
    },
    {
      "pose": [
        [
          -2.548340982677644e-10,
          -1.0,
          -4.704948652900498e-10,
          0.0
        ],
        [
          0.027403002604842186,
          4.6333498149309094e-10,
          -0.999624490737915,
          0.008093267679214478
        ],
        [
          0.999624490737915,
          -2.676313615168624e-10,
          0.027403002604842186,
          0.005079588387161493
        ],
        [
          0.0,
          0.0,
          0.0,
          1.0
        ]
      ],
      "pre_pose": [
        [
          -2.548340982677644e-10,
          -1.0,
          -4.704948652900498e-10,
          5.529115360003445e-11
        ],
        [
          0.027403002604842186,
          4.6333498149309094e-10,
          -0.999624490737915,
          0.12556615471839905
        ],
        [
          0.999624490737915,
          -2.676313615168624e-10,
          0.027403002604842186,
          0.0018592693377286196
        ],
        [
          0.0,
          0.0,
          0.0,
          1.0
        ]
      ],
      "jaw_width": 0.013400001655705273,
      "score": 1.0
    },
    {
      "pose": [
        [
          -3.2727581755764845e-10,
          -1.0,
          2.4973282122808804e-11,
          4.656612873077393e-10
        ],
        [
          0.14301246404647827,
          -2.208794258606872e-11,
          0.98972088098526,
          0.002960784826427698
        ],
        [
          -0.98972088098526,
          3.2748320721864843e-10,
          0.14301246404647827,
          0.004660584963858128
        ],
        [
          0.0,
          0.0,
          0.0,
          1.0
        ]
      ],
      "pre_pose": [
        [
          -3.2727581755764845e-10,
          -1.0,
          2.4973282122808804e-11,
          4.627264960088695e-10
        ],
        [
          0.14301246404647827,
          -2.208794258606872e-11,
          0.98972088098526,
          -0.11334826052188873
        ],
        [
          -0.98972088098526,
          3.2748320721864843e-10,
          0.14301246404647827,
          -0.0121458126232028
        ],
        [
          0.0,
          0.0,
          0.0,
          1.0
        ]
      ],
      "jaw_width": 0.013399999793060124,
      "score": 1.0
    },
    {
      "pose": [
        [
          2.01359318108274e-10,
          -1.0,
          -3.1320276233648414e-11,
          4.656612873077393e-10
        ],
        [
          0.2510104179382324,
          2.0225749894353662e-11,
          0.9679843783378601,
          0.002508613746613264
        ],
        [
          -0.9679843783378601,
          -2.0277439449767343e-10,
          0.2510104179382324,
          0.004608780611306429
        ],
        [
          0.0,
          0.0,
          0.0,
          1.0
        ]
      ],
      "pre_pose": [
        [
          2.01359318108274e-10,
          -1.0,
          -3.1320276233648414e-11,
          4.693419541901278e-10
        ],
        [
          0.2510104179382324,
          2.0225749894353662e-11,
          0.9679843783378601,
          -0.1112460270524025
        ],
        [
          -0.9679843783378601,
          -2.0277439449767343e-10,
          0.2510104179382324,
          -0.02488921582698822
        ],
        [
          0.0,
          0.0,
          0.0,
          1.0
        ]
      ],
      "jaw_width": 0.013399999793060124,
      "score": 1.0
    },
    {
      "pose": [
        [
          -1.0077261691776584e-07,
          1.0,
          5.925234747294894e-10,
          -2.3283064365386963e-10
        ],
        [
          -0.008186254650354385,
          -2.3244667302080302e-10,
          -0.9999665021896362,
          0.007832290604710579
        ],
        [
          -0.9999665021896362,
          -1.0077409484665623e-07,
          0.008186254650354385,
          0.00481756404042244
        ],
        [
          0.0,
          0.0,
          0.0,
          1.0
        ]
      ],
      "pre_pose": [
        [
          -1.0077261691776584e-07,
          1.0,
          5.925234747294894e-10,
          -3.0246222193497374e-10
        ],
        [
          -0.008186254650354385,
          -2.3244667302080302e-10,
          -0.9999665021896362,
          0.125345379114151
        ],
        [
          -0.9999665021896362,
          -1.0077409484665623e-07,
          0.008186254650354385,
          0.0038555399514734745
        ],
        [
          0.0,
          0.0,
          0.0,
          1.0
        ]
      ],
      "jaw_width": 0.013400002587027848,
      "score": 1.0
    },
    {
      "pose": [
        [
          -1.8506992773836828e-06,
          -1.0,
          -1.732912551233312e-07,
          -9.313225746154785e-10
        ],
        [
          -0.03890027105808258,
          -1.011673873563268e-07,
          0.9992430806159973,
          0.003471865551546216
        ],
        [
          -0.9992430806159973,
          1.8560394892119803e-06,
          -0.03890027105808258,
          0.004723392426967621
        ],
        [
          0.0,
          0.0,
          0.0,
          1.0
        ]
      ],
      "pre_pose": [
        [
          -1.8506992773836828e-06,
          -1.0,
          -1.732912551233312e-07,
          1.9433349152109258e-08
        ],
        [
          -0.03890027105808258,
          -1.011673873563268e-07,
          0.9992430806159973,
          -0.11395619809627533
        ],
        [
          -0.9992430806159973,
          1.8560394892119803e-06,
          -0.03890027105808258,
          0.009294835850596428
        ],
        [
          0.0,
          0.0,
          0.0,
          1.0
        ]
      ],
      "jaw_width": 0.01339999886173755,
      "score": 1.0
    },
    {
      "pose": [
        [
          -1.3984854940751745e-10,
          -1.0,
          -7.118900607894219e-11,
          2.3283064365386963e-10
        ],
        [
          -0.20665360987186432,
          -4.075212389764715e-11,
          0.9784141778945923,
          0.0028030716348439455
        ],
        [
          -0.9784141778945923,
          1.5154126564720372e-10,
          -0.20665360987186432,
          0.004785279277712107
        ],
        [
          0.0,
          0.0,
          0.0,
          1.0
        ]
      ],
      "pre_pose": [
        [
          -1.3984854940751745e-10,
          -1.0,
          -7.118900607894219e-11,
          2.411965627224788e-10
        ],
        [
          -0.20665360987186432,
          -4.075212389764715e-11,
          0.9784141778945923,
          -0.11217724531888962
        ],
        [
          -0.9784141778945923,
          1.5154126564720372e-10,
          -0.20665360987186432,
          0.029070595279335976
        ],
        [
          0.0,
          0.0,
          0.0,
          1.0
        ]
      ],
      "jaw_width": 0.013400000724382698,
      "score": 1.0
    },
    {
      "pose": [
        [
          2.6122002338979655e-09,
          -1.0,
          6.69980551037952e-08,
          -2.3283064365386963e-10
        ],
        [
          -0.041283804923295975,
          -6.704878074970111e-08,
          -0.9991474747657776,
          0.008021332323551178
        ],
        [
          0.9991474747657776,
          -1.559612994306292e-10,
          -0.041283804923295975,
          0.004684145096689463
        ],
        [
          0.0,
          0.0,
          0.0,
          1.0
        ]
      ],
      "pre_pose": [
        [
          2.6122002338979655e-09,
          -1.0,
          6.69980551037952e-08,
          -8.106241899952238e-09
        ],
        [
          -0.041283804923295975,
          -6.704878074970111e-08,
          -0.9991474747657776,
          0.1254381537437439
        ],
        [
          0.9991474747657776,
          -1.559612994306292e-10,
          -0.041283804923295975,
          0.009535694494843483
        ],
        [
          0.0,
          0.0,
          0.0,
          1.0
        ]
      ],
      "jaw_width": 0.013400000724382698,
      "score": 1.0
    },
    {
      "pose": [
        [
          -1.8763593061521533e-06,
          -1.0,
          -2.440930302327615e-07,
          -6.984919309616089e-10
        ],
        [
          -0.07567719370126724,
          -1.0139547157450579e-07,
          0.9971323609352112,
          0.0030851007904857397
        ],
        [
          -0.9971323609352112,
          1.889450913949986e-06,
          -0.07567719370126724,
          0.004938838537782431
        ],
        [
          0.0,
          0.0,
          0.0,
          1.0
        ]
      ],
      "pre_pose": [
        [
          -1.8763593061521533e-06,
          -1.0,
          -2.440930302327615e-07,
          2.7986592598949755e-08
        ],
        [
          -0.07567719370126724,
          -1.0139547157450579e-07,
          0.9971323609352112,
          -0.11409492045640945
        ],
        [
          -0.9971323609352112,
          1.889450913949986e-06,
          -0.07567719370126724,
          0.013832196593284607
        ],
        [
          0.0,
          0.0,
          0.0,
          1.0
        ]
      ],
      "jaw_width": 0.01339999886173755,
      "score": 1.0
    },
    {
      "pose": [
        [
          -1.9797011252542518e-10,
          1.0,
          -5.7814317569460094e-12,
          2.3283064365386963e-10
        ],
        [
          0.01655403897166252,
          -2.5034345256524926e-12,
          -0.9998629689216614,
          0.008818422444164753
        ],
        [
          -0.9998629689216614,
          -1.980386826749836e-10,
          -0.01655403897166252,
          0.005103061906993389
        ],
        [
          0.0,
          0.0,
          0.0,
          1.0
        ]
      ],
      "pre_pose": [
        [
          -1.9797011252542518e-10,
          1.0,
          -5.7814317569460094e-12,
          2.335100723893646e-10
        ],
        [
          0.01655403897166252,
          -2.5034345256524926e-12,
          -0.9998629689216614,
          0.12631933391094208
        ],
        [
          -0.9998629689216614,
          -1.980386826749836e-10,
          -0.01655403897166252,
          0.007048442959785461
        ],
        [
          0.0,
          0.0,
          0.0,
          1.0
        ]
      ],
      "jaw_width": 0.013400000724382698,
      "score": 1.0
    },
    {
      "pose": [
        [
          -1.8166625750382082e-06,
          -1.0,
          -5.287525937092141e-07,
          -9.313225746154785e-10
        ],
        [
          -0.22768911719322205,
          -1.0123000748762934e-07,
          0.9737339019775391,
          0.0020949358586221933
        ],
        [
          -0.9737339019775391,
          1.8893371134254267e-06,
          -0.22768911719322205,
          0.004539236892014742
        ],
        [
          0.0,
          0.0,
          0.0,
          1.0
        ]
      ],
      "pre_pose": [
        [
          -1.8166625750382082e-06,
          -1.0,
          -5.287525937092141e-07,
          6.120610152038353e-08
        ],
        [
          -0.22768911719322205,
          -1.0123000748762934e-07,
          0.9737339019775391,
          -0.11233536154031754
        ],
        [
          -0.9737339019775391,
          1.8893371134254267e-06,
          -0.22768911719322205,
          0.031296584755182266
        ],
        [
          0.0,
          0.0,
          0.0,
          1.0
        ]
      ],
      "jaw_width": 0.01339999886173755,
      "score": 1.0
    },
    {
      "pose": [
        [
          -3.4836692558437576e-11,
          -1.0,
          3.6111811783055836e-13,
          4.656612873077393e-10
        ],
        [
          -0.0031019807793200016,
          4.691787865336583e-13,
          0.9999951720237732,
          0.0019884989596903324
        ],
        [
          -0.9999951720237732,
          3.483529437131594e-11,
          -0.0031019807793200016,
          0.004810006357729435
        ],
        [
          0.0,
          0.0,
          0.0,
          1.0
        ]
      ],
      "pre_pose": [
        [
          -3.4836692558437576e-11,
          -1.0,
          3.6111811783055836e-13,
          4.6561884903262296e-10
        ],
        [
          -0.0031019807793200016,
          4.691787865336583e-13,
          0.9999951720237732,
          -0.11552795022726059
        ],
        [
          -0.9999951720237732,
          3.483529437131594e-11,
          -0.0031019807793200016,
          0.005174541845917702
        ],
        [
          0.0,
          0.0,
          0.0,
          1.0
        ]
      ],
      "jaw_width": 0.013399999793060124,
      "score": 1.0
    },
    {
      "pose": [
        [
          -3.573165721637572e-11,
          -1.0,
          -1.3518926429700873e-11,
          4.656612873077393e-10
        ],
        [
          0.11612668633460999,
          -1.7576875718794405e-11,
          0.993234395980835,
          0.0025602292735129595
        ],
        [
          -0.993234395980835,
          3.392011324598876e-11,
          0.11612668633460999,
          0.004485162440687418
        ],
        [
          0.0,
          0.0,
          0.0,
          1.0
        ]
      ],
      "pre_pose": [
        [
          -3.573165721637572e-11,
          -1.0,
          -1.3518926429700873e-11,
          4.672500164559779e-10
        ],
        [
          0.11612668633460999,
          -1.7576875718794405e-11,
          0.993234395980835,
